  1.000000000000000E+000   1.00000000000000      -1.171383700326143E-016  4.586282392221071E-017  9.223857923354309E-019  4.256263160789967E-003  0.000000000000000E+000
   2.01990885473936        1.03508866913445      -3.503680633774304E-005 -2.727235355838062E-005 -1.919992933556936E-005  9.380919058106091E-005  3.801014329843905E-003
   4.01158087438183        1.28057324561918      -1.734250870402686E-005 -1.277897073960026E-005 -3.615067288333412E-005  1.130236945370370E-004  4.158960170575102E-003
   6.05371891704486        1.55125819088558       2.287022581504383E-005  9.633964368994626E-006 -1.142420346653840E-005  1.192548200648358E-004  4.191910372979940E-003
   8.03718126449386        1.80151291719771      -5.501329684512036E-006 -3.970533875987861E-006  1.190520897712775E-005  1.184677633488917E-004  4.206168050204463E-003
   10.0190947870305        2.02987472730161      -2.617882120970011E-006 -9.053852282113063E-006  3.192266767646355E-005  1.163691361913635E-004  4.212439176451263E-003
   12.0540584104674        2.25041317870816       1.990985647208381E-005  8.140073924248410E-008  7.337159042737194E-005  1.136241924471507E-004  4.235190502965497E-003
@                                                                               @                                                                               
A
A
A
A
A
A
A
A
A
A
A
A

